0 0.226817 0.094930 0.154058 0.012940
1 0.305146 0.112810 0.316764 0.015980
2 0.218806 0.129415 0.145411 0.016970
3 0.534118 0.146755 0.775265 0.015090
4 0.264569 0.163405 0.179085 0.014990
5 0.519284 0.278580 0.882122 0.185440
0 0.280013 0.406710 0.154058 0.012940
1 0.307639 0.417615 0.210981 0.012570
2 0.274615 0.429090 0.145411 0.014220
3 0.364125 0.441460 0.326923 0.015100
4 0.288773 0.453170 0.179085 0.015000
1 0.524410 0.552355 0.821737 0.163890
0 0.283727 0.652200 0.154058 0.012940
1 0.311698 0.661785 0.210981 0.012570
2 0.277374 0.674250 0.145411 0.014220
3 0.267838 0.684795 0.129841 0.015090
4 0.290086 0.695340 0.179085 0.015000
5 0.531664 0.808170 0.819164 0.191660
