0 0.319589 0.132960 0.154191 0.012940
1 0.332381 0.155865 0.237414 0.015990
2 0.328521 0.168600 0.238660 0.015940
3 0.330517 0.183260 0.249682 0.015100
4 0.315272 0.195135 0.179085 0.014990
5 0.490093 0.332515 0.673979 0.231550
0 0.281724 0.406710 0.154058 0.012940
1 0.307639 0.417615 0.210981 0.012570
2 0.274615 0.429090 0.145411 0.014220
3 0.364125 0.441460 0.326923 0.015100
4 0.288773 0.453170 0.179085 0.015000
1 0.524410 0.552355 0.821737 0.163890
0 0.283727 0.652200 0.154058 0.012940
1 0.311698 0.661785 0.210981 0.012570
2 0.277374 0.674250 0.145411 0.014220
3 0.267838 0.684795 0.129841 0.015090
4 0.290086 0.695340 0.179085 0.015000
5 0.531664 0.808170 0.819164 0.191660
