0 0.318952 0.130740 0.154058 0.012940
1 0.394430 0.143600 0.316764 0.015980
2 0.361784 0.156625 0.266088 0.016970
3 0.398481 0.173250 0.344416 0.015100
4 0.348150 0.186320 0.179085 0.015000
5 0.483548 0.373460 0.586485 0.323640
0 0.281724 0.406710 0.154058 0.012940
1 0.307639 0.417615 0.210981 0.012570
2 0.274615 0.429090 0.145411 0.014220
3 0.364125 0.441460 0.326923 0.015100
4 0.288773 0.453170 0.179085 0.015000
1 0.524410 0.552355 0.821737 0.163890
0 0.283727 0.652200 0.154058 0.012940
1 0.311698 0.661785 0.210981 0.012570
2 0.277374 0.674250 0.145411 0.014220
3 0.267838 0.684795 0.129841 0.015090
4 0.290086 0.695340 0.179085 0.015000
5 0.531664 0.808170 0.819164 0.191660
